10 10
0 0 1 2
0 0 2 3
0 0 2 4
0 0 4 2
0 1 5 2
0 1 7 1
0 1 7 4
0 1 8 1
0 1 9 1
0 1 9 4
0 1 10 3
0 1 14 1
0 2 6 3
0 2 6 4
0 2 7 4
0 2 9 4
0 2 10 3
0 2 13 2
0 2 14 3
0 3 6 1
0 3 6 2
0 3 9 2
0 3 10 3
0 3 11 4
0 3 12 1
0 3 13 1
0 3 14 1
0 3 14 3
0 4 7 2
0 4 7 3
0 4 10 4
0 4 11 1
0 4 11 2
0 4 11 4
0 4 12 3
0 4 14 2
5 5 10 11
5 6 5 14
5 6 7 10
5 6 10 10
5 6 12 12
5 6 12 13
5 7 5 10
5 8 6 9
5 8 7 6
5 8 8 12
5 8 9 7
5 8 11 14
5 8 14 6
5 9 9 8
5 9 11 14
5 10 12 12
5 10 13 8
5 10 13 11
5 11 5 12
5 11 6 6
5 11 7 11
5 14 6 7
5 14 6 13
5 14 9 12
5 14 10 10
6 6 14 10
6 7 6 10
6 7 6 12
6 7 11 8
6 8 11 12
6 9 9 8
6 10 12 11
6 12 14 7
6 13 10 11
6 13 11 10
6 13 12 7
7 7 7 14
7 7 8 8
7 8 7 13
7 8 7 14
7 8 9 8
7 9 10 12
7 9 11 13
7 10 11 13
7 12 12 9
8 8 12 12
8 10 11 13
8 11 10 9
8 11 10 14
8 11 13 11
8 12 13 9
8 12 13 14
8 12 14 10
8 14 9 9
8 14 9 13
9 9 12 13
9 11 10 14
9 13 11 13
9 13 12 14
9 13 13 14
9 14 11 13
10 11 13 14
10 12 12 12
13 13 13 14
