95 
9591853850
2976339123
1210367521
1416149459
7833666025
9510419891
9990128129
9555580520
5008170051
5594301070
7301963468
8465031680
9297101762
0846058345
6858252534
6949225209
0790233742
1141862577
3075778978
3836549721
7676084367
0952790347
1131938666
4718802265
8289801339
3634724578
0315671705
2866260793
4206116749
3131512003
8157271656
2453898555
5793249555
0715409557
9876529707
5038644533
9076742149
3009850407
2577357602
4332333309
7727105244
3912183271
9432366245
7235911772
2697938721
8678739839
2626249461
2968496813
3752521235
0938388798
9357115406
3491189141
9675025972
8687106098
1579943671
9595266577
9442725650
0140045828
9308372673
0091692604
9139923126
9136888943
6316346398
1503064169
9313158001
3172386844
4731164544
4667509890
2920025217
9995442173
9044677797
4260743202
4604359152
0311331926
2485998580
9394336080
2929676098
4121272505
5901862274
9934011940
4591142177
9800259286
9699223084
2570457879
7589972772
1009385596
7723696180
7589299577
9982656437
9139352931
6920664548
2872802834
4838627902
6151320777
2904874857
