39701
39465
39461
39581
39607
39577
1041
89
7340
11926
26953
16228
8912
4980
4971
4969
4964
4967
4969
526
92
411
-1
1860
1860
956
2356
2347
2333
2341
2347
2342
169
436
-28
1508
56
866
465
3608
3592
3593
3596
3592
3589
1631
94
1447
175
2644
1328
823
253306
252964
253051
253013
253099
252898
30386
103461
1212
5412
112645
93687
67116
247102
246866
246714
247023
246745
246882
17154
100349
61761
1321
86544
93340
66174
254666
254461
254333
254312
254317
254083
191593
155222
21357
-462
1007
92198
63796
237439
237050
237100
237134
237114
237075
26059
236139
9242
214797
187718
87956
61815
256430
256165
256223
256156
256110
256012
8458
1950
50450
21386
792
96692
72083
178937
178678
178806
178676
178830
178595
-141
25899
7844
121125
4321
71231
39523
815746
813611
812760
814685
813571
815044
30485
262203
634250
35069
10543
298747
125413
12318
12304
12303
12295
12297
12300
8618
10935
666
11131
2309
4749
3071
5355
5329
5341
5329
5333
5341
4305
1083
1039
114
36
1897
1221

