75 
5132461393
2241395660
6711623464
2825959894
6773093408
2216884340
2734329117
0532544630
1386706201
4942648847
6089827028
3820669186
8245794664
3047979723
6569451181
5514899927
7145085681
9523920785
2440158487
8719412182
6823864122
7736322824
4489938204
2405514486
4929892252
4547384142
1117690473
2002958769
6140840045
5300120437
6725513665
4174844417
1856507893
2317501106
2545556937
1092348506
3823478442
8221971286
4513006673
7325672916
7588654547
9570312203
0269161875
6380718170
6080428955
0132374174
9103069561
1735457192
6938279599
1227670584
8190357141
4926395155
5212333335
3880570090
7045662227
0435675674
9253034313
5509072710
9583937628
0082567436
4726508812
8870367883
4706422642
2730302254
5035957910
0159711849
0139088656
5421481607
5550869772
3255130171
8102160275
8883654449
0349129219
0038006512
2999170621
