75 
4001568740
4874865707
4757984768
8100946590
2168699634
0712795362
5290024221
4385607878
4934599581
5311594023
1323857722
1780682267
4901261628
7116621598
8082384209
4147243064
9727643109
5630254336
7206048052
3796032886
1831590116
8070685952
4695832667
3715476749
9819064864
8561524398
4711814601
0257773246
7223386999
2390122523
9274508483
1866329560
9788134439
1594289239
5417640911
8122855390
5311987003
3303632720
6403634710
7034114792
8550752446
2967693072
0734357289
0768286042
3196007940
7061410906
0733216511
2837440661
5624205676
4962223243
5303460426
5602664727
2464002979
2482096350
2256347415
8011918284
2766539855
4463078788
1261278096
7927741752
9212524790
1137705449
1181258900
1469415201
4240232053
1572564308
2395684337
1629719824
2163015154
6136694064
0348135419
6841312746
2307963284
0709251271
4600457700
