0	4	4	0.709936	9	6.389422	0.306388	1	0.306388	0.022504	1	0.022504	0.105423	1	0.105423	0.000000	1	0.000000	0.546886	9	4.921971	0.230942	9	2.078476	0.000000	15	0.000000	
0	9	4	0.681406	9	6.132651	0.000000	15	0.000000	0.000000	1	0.000000	0.000000	9	0.000000	0.000000	9	0.000000	0.000000	7	0.000000	0.933694	1	0.933694	0.451698	1	0.451698	
0	11	1	1.000000	1	1.000000	0.000000	1	0.000000	0.000000	15	0.000000	0.066703	15	1.000543	1.000000	15	15.000000	0.000000	15	0.000000	0.760221	9	6.841990	1.000000	1	1.000000	
0	14	2	1.000000	1	1.000000	0.000000	15	0.000000	0.000000	1	0.000000	0.061067	1	0.061067	1.000000	7	7.000000	0.198501	7	1.389504	0.000000	9	0.000000	1.000000	1	1.000000	
0	15	0	1.000000	15	15.000000	0.227985	15	3.419771	0.000000	15	0.000000	0.000000	1	0.000000	0.000000	1	0.000000	1.000000	7	7.000000	0.885096	7	6.195672	1.000000	1	1.000000	
0	17	1	0.000000	15	0.000000	0.762835	7	5.339848	0.923158	1	0.923158	0.323800	9	2.914196	1.000000	1	1.000000	0.000000	15	0.000000	1.000000	15	15.000000	0.000000	7	0.000000	
0	24	6	1.000000	1	1.000000	1.000000	1	1.000000	0.000000	7	0.000000	0.199422	9	1.794797	0.778693	1	0.778693	0.000000	9	0.000000	1.000000	1	1.000000	1.000000	7	7.000000	
0	25	0	0.000000	1	0.000000	1.000000	9	9.000000	0.303552	9	2.731969	0.402755	15	6.041320	0.000000	1	0.000000	0.000000	1	0.000000	1.000000	7	7.000000	0.000000	15	0.000000	
0	31	5	1.000000	1	1.000000	0.639551	1	0.639551	0.445403	7	3.117820	0.000000	1	0.000000	0.000000	15	0.000000	1.000000	1	1.000000	1.000000	1	1.000000	0.767219	1	0.767219	
0	40	8	1.000000	1	1.000000	0.000000	15	0.000000	0.000000	7	0.000000	0.000000	9	0.000000	0.000000	7	0.000000	0.000000	1	0.000000	0.000000	9	0.000000	0.699080	1	0.699080	
