996
51237
51280
51874
51811
51760
51583
51020
51304
50468
50365
49981
49181
48293
48905
48880
48595
48848
50285
51526
50953
51966
51908
51506
51858
50579
50094
51243
51150
52321
53123
53737
53729
53661
53802
54214
54239
53981
54918
54674
53954
53761
54617
55684
56594
55534
55812
55325
56229
57353
58051
57103
56921
57149
57197
56792
56372
56656
57248
56204
55498
54901
55112
54377
54609
53629
54236
53976
52760
53031
54236
53522
52973
52809
52815
53876
53688
53347
53137
53702
53248
54238
53749
53863
53772
53842
53175
54016
53014
53080
52757
53106
52519
52149
52343
51781
52590
53119
53239
52902
53069
52341
51600
51474
50915
49806
49245
48735
49601
50245
49897
50864
50138
50058
50287
50011
48577
49353
49072
48388
48009
47508
47217
47450
46588
46649
45719
44336
44544
46038
47715
47153
46625
45477
46463
47365
46497
46762
46657
46503
46400
47281
47364
48553
48551
47264
46590
46264
45340
45291
44831
43956
44131
45059
45313
47033
47598
47735
48914
49106
49338
47362
46710
47159
47236
47447
47076
47025
47772
47596
47209
47042
46740
45628
45868
48053
47710
48046
46918
46194
46206
47065
46883
46517
46846
47247
47435
48138
48150
48284
46866
47145
45872
45120
45046
44914
46393
45360
45222
44443
46108
45630
45262
44747
44872
45015
45261
43910
43199
43469
44014
43764
43653
43349
42141
42419
41773
40694
40612
39950
39513
38944
39500
38569
37937
38057
37645
37717
38031
37497
38376
38630
40405
40570
38596
39589
40822
40592
40377
39318
39808
40093
40948
41631
41478
41543
43235
42521
42085
41888
41593
42794
44122
44893
47193
49085
49246
49102
48665
49571
49639
48867
47130
47763
50914
50815
51172
51010
49690
49657
49657
50838
51155
51249
50055
50562
48780
49054
48096
48513
50293
50165
52002
53150
52411
53228
52894
53710
53631
52908
51862
53083
54478
54312
53911
53562
52260
52553
51671
51718
50990
53071
52764
53241
51804
51803
50839
50562
50142
49723
49330
49345
49483
49051
48964
48472
49013
49887
50620
50432
50488
51629
51118
49422
49661
48648
48915
49412
49534
50329
50838
50156
51560
50105
49246
50007
51002
51527
52233
52569
51842
51902
52015
53139
53960
54256
54598
55481
55578
56484
56698
56578
56641
57002
56873
56783
56853
56667
57308
56756
56162
57077
57594
57661
57635
57689
56920
58300
58298
59146
58855
59324
59166
59099
57781
58020
57718
57722
57716
58610
58575
57901
58236
59616
59566
60129
60232
58000
58586
56821
57059
57909
57080
57350
57736
58394
58994
58697
58054
58382
59356
58351
58367
59461
59339
60254
60644
61109
61668
61022
61119
61767
62696
63782
63506
63838
64108
64060
63866
63826
64250
64308
64925
63326
61750
61598
64052
64158
63258
61201
59184
59657
60759
59770
59962
61070
61954
61986
61396
61559
62856
60987
61906
59507
60316
59832
61088
61414
60677
60501
59179
59281
58212
58396
58389
57111
57583
57647
57255
57937
58620
58697
59782
60227
59589
61814
61589
62071
61665
61700
62132
62446
63954
63652
63831
64354
64150
63951
64521
65749
65840
65840
66191
66034
64302
64671
64836
64578
64954
63993
64199
64835
64965
66125
66968
66713
67976
67814
67748
51237
51280
51874
51811
51760
51583
51020
51304
50468
50365
49981
49181
48293
48905
48880
48595
48848
50285
51526
50953
51966
51908
51506
51858
50579
50094
51243
51150
52321
53123
53737
53729
53661
53802
54214
54239
53981
54918
54674
53954
53761
54617
55684
56594
55534
55812
55325
56229
57353
58051
57103
56921
57149
57197
56792
56372
56656
57248
56204
55498
54901
55112
54377
54609
53629
54236
53976
52760
53031
54236
53522
52973
52809
52815
53876
53688
53347
53137
53702
53248
54238
53749
53863
53772
53842
53175
54016
53014
53080
52757
53106
52519
52149
52343
51781
52590
53119
53239
52902
53069
52341
51600
51474
50915
49806
49245
48735
49601
50245
49897
50864
50138
50058
50287
50011
48577
49353
49072
48388
48009
47508
47217
47450
46588
46649
45719
44336
44544
46038
47715
47153
46625
45477
46463
47365
46497
46762
46657
46503
46400
47281
47364
48553
48551
47264
46590
46264
45340
45291
44831
43956
44131
45059
45313
47033
47598
47735
48914
49106
49338
47362
46710
47159
47236
47447
47076
47025
47772
47596
47209
47042
46740
45628
45868
48053
47710
48046
46918
46194
46206
47065
46883
46517
46846
47247
47435
48138
48150
48284
46866
47145
45872
45120
45046
44914
46393
45360
45222
44443
46108
45630
45262
44747
44872
45015
45261
43910
43199
43469
44014
43764
43653
43349
42141
42419
41773
40694
40612
39950
39513
38944
39500
38569
37937
38057
37645
37717
38031
37497
38376
38630
40405
40570
38596
39589
40822
40592
40377
39318
39808
40093
40948
41631
41478
41543
43235
42521
42085
41888
41593
42794
44122
44893
47193
49085
49246
49102
48665
49571
49639
48867
47130
47763
50914
50815
51172
51010
49690
49657
49657
50838
51155
51249
50055
50562
48780
49054
48096
48513
50293
50165
52002
53150
52411
53228
52894
53710
53631
52908
51862
53083
54478
54312
53911
53562
52260
52553
51671
51718
50990
53071
52764
53241
51804
51803
50839
50562
50142
49723
49330
49345
49483
49051
48964
48472
49013
49887
50620
50432
50488
51629
51118
49422
49661
48648
48915
49412
49534
50329
50838
50156
51560
50105
49246
50007
51002
51527
52233
52569
51842
51902
52015
53139
53960
54256
54598
55481
55578
56484
56698
56578
56641
57002
56873
56783
56853
56667
57308
56756
56162
57077
57594
57661
57635
57689
56920
58300
58298
59146
58855
59324
59166
59099
57781
58020
57718
57722
57716
58610
58575
57901
58236
59616
59566
60129
60232
58000
58586
56821
57059
57909
57080
57350
57736
58394
58994
58697
58054
58382
59356
58351
58367
59461
59339
60254
60644
61109
61668
61022
61119
61767
62696
63782
63506
63838
64108
64060
63866
63826
64250
64308
64925
63326
61750
61598
64052
64158
63258
61201
59184
59657
60759
59770
59962
61070
61954
61986
61396
61559
62856
60987
61906
59507
60316
59832
61088
61414
60677
60501
59179
59281
58212
58396
58389
57111
57583
57647
57255
57937
58620
58697
59782
60227
59589
61814
61589
62071
61665
61700
62132
62446
63954
63652
63831
64354
64150
63951
64521
65749
65840
65840
66191
66034
64302
64671
64836
64578
64954
63993
64199
64835
64965
66125
66968
66713
67976
67814
67748