75 
1852878130
6131092005
6484818608
7614798734
3687556186
2740580048
6513560855
8709978780
6268937648
2102522162
1043823423
6774272076
7166059617
9191180947
6400865010
8429238944
7049041360
9936384738
7331083035
0576546127
3008417023
3441720738
1541503128
6643872674
5219186286
0459308177
2948214982
2380813299
3327634959
5311268700
9971588281
8705549421
1233752138
6019393274
3519457131
3074333168
6192594490
4967262164
9483285883
0996414512
8133627433
0449875223
4664599573
8606197400
4420081884
6730495857
7909558865
1742282723
6536898829
2832799473
6207295567
1564043045
5507258546
2627392784
0788137333
8438784049
3157309897
7551360049
1315305105
7041853262
2227851848
3222727145
2681447391
4282279249
8733742666
0120762398
5177250702
1421491080
8658518839
0843791902
4988982790
7168202104
4635070967
7992895345
6209693457
