75 
8371174905
0992478342
4085892733
3311307657
7473126875
2271189664
1413883404
6148393728
9250368164
7251618708
6179849116
8836077076
5978005653
8054419364
8241088250
1134885140
8833898721
7237610583
1325015583
2020878061
2466048915
9165209745
7714177942
1779120751
8528770111
3451500381
4860000382
0779808726
0274595065
4300004250
4137654787
9435434456
9501908274
8812407151
4473549516
7038658739
2150840258
7685452042
2443374801
4364263016
7807789450
1399138142
8330929391
9732806722
2758544913
2265418431
5735826097
3840827052
5026617358
3457197354
6295424093
8083819936
5180186868
3465194468
2613802329
9119890727
8062464371
0611780468
1238981591
1998247927
9620073675
6783116388
3386452031
7737348235
1432437405
0200512847
8335412969
7439601441
0865266097
8549233433
2763423993
6454767081
8131012526
2845484148
0390124973
