75 
1841984585
0634442144
2330168902
5819673430
6074459311
0424393868
8090145869
2742032828
9816727106
0462479348
8459053325
2834274157
2932226672
3270842913
8814798448
7042890261
0611691690
3913519489
2197071490
5532164820
0098141017
4694164946
1859427681
7952734926
0129447890
2562727522
5443608118
0615758776
4280140993
2109968873
4440574889
2597234365
8264488574
5297193116
6472433407
2184950962
9679903861
9121924608
1472913910
0404956296
6335924452
5816166990
4319785087
1892795363
1316571899
3689333589
8569773725
4842085992
4144024107
5587321024
5291599972
2210112610
2049920372
1320017034
4179810521
7092025661
9578894359
6524286207
1185654382
4983135398
6893756727
6508164781
9064163659
5911592397
9948047792
1644414957
5253946492
6637749205
3263764314
2734255687
5223676814
5127977431
7693924922
7465849093
8010001556
