20 20
0 0 1 3
0 0 2 1
0 0 4 1
0 0 6 4
0 1 13 2
0 1 14 3
0 1 16 4
0 1 17 4
0 1 21 4
0 1 21 5
0 1 23 6
0 1 24 1
0 1 25 3
0 1 27 2
0 1 28 2
0 1 28 4
0 2 9 3
0 2 10 4
0 2 10 6
0 2 16 6
0 2 17 1
0 2 19 1
0 2 22 3
0 2 23 5
0 2 26 2
0 2 27 1
0 2 27 2
0 2 28 6
0 3 9 1
0 3 9 5
0 3 10 5
0 3 13 5
0 3 14 2
0 3 18 1
0 3 18 6
0 3 19 3
0 3 24 1
0 3 25 3
0 3 26 4
0 3 28 3
0 3 28 4
0 4 9 1
0 4 10 6
0 4 11 3
0 4 12 2
0 4 12 3
0 4 16 1
0 4 16 6
0 4 20 1
0 4 23 3
0 4 26 4
0 4 27 2
0 4 27 5
0 5 7 3
0 5 9 6
0 5 11 4
0 5 14 2
0 5 15 2
0 5 16 4
0 5 18 4
0 5 19 2
0 5 20 3
0 5 20 6
0 5 24 6
0 5 26 5
0 6 7 4
0 6 9 2
0 6 12 5
0 6 13 6
0 6 14 6
0 6 16 2
0 6 16 5
0 6 17 5
0 6 21 5
0 6 26 1
0 6 26 5
7 7 8 23
7 7 13 25
7 7 21 13
7 7 21 15
7 8 21 17
7 8 25 19
7 8 28 23
7 9 19 23
7 10 7 12
7 10 16 24
7 11 12 28
7 11 24 16
7 12 15 12
7 12 20 13
7 12 28 15
7 13 12 20
7 13 14 15
7 13 19 28
7 13 21 12
7 14 18 13
7 14 26 28
7 14 27 13
7 14 27 21
7 15 24 24
7 16 10 15
7 16 15 27
7 16 16 27
7 16 17 9
7 17 10 9
7 17 11 8
7 17 16 11
7 17 22 8
7 19 14 20
7 19 18 26
7 19 19 19
7 20 13 26
7 20 23 12
7 21 11 12
7 22 7 28
7 22 9 21
7 22 10 11
7 22 27 10
7 24 10 16
7 24 16 16
7 24 24 15
7 25 11 20
7 26 14 23
7 26 27 14
7 27 13 11
7 27 18 12
7 27 20 12
7 27 21 23
7 28 8 12
7 28 13 9
7 28 19 21
7 28 22 25
8 8 21 28
8 9 8 27
8 9 28 9
8 10 10 12
8 10 11 27
8 10 27 16
8 11 11 16
8 12 15 14
8 12 19 25
8 12 25 14
8 12 26 16
8 13 15 17
8 13 25 14
8 13 25 24
8 13 25 28
8 14 13 9
8 14 13 19
8 14 16 9
8 14 18 10
8 14 24 26
8 15 22 21
8 15 23 20
8 15 25 10
8 15 28 9
8 16 27 9
8 17 11 26
8 17 14 20
8 17 28 11
8 17 28 24
8 18 27 23
8 19 15 27
8 19 23 20
8 20 8 22
8 20 10 13
8 20 12 14
8 20 21 18
8 21 9 27
8 21 11 23
8 21 17 26
8 22 9 12
8 22 11 13
8 22 21 12
8 23 20 20
8 24 10 17
8 25 11 19
8 25 12 23
8 25 26 26
8 26 13 15
8 26 14 13
8 26 21 10
8 26 25 19
8 27 14 10
8 28 10 14
8 28 23 24
9 9 22 27
9 10 10 14
9 10 17 27
9 10 18 12
9 10 25 10
9 13 10 25
9 13 26 21
9 14 11 14
9 14 13 21
9 14 23 22
9 14 24 20
9 14 25 21
9 15 22 20
9 16 23 24
9 17 19 19
9 17 24 26
9 18 13 28
9 18 14 19
9 18 16 17
9 19 9 20
9 19 12 26
9 19 25 14
9 20 19 15
9 21 12 22
9 21 22 12
9 22 9 25
9 22 10 11
9 22 11 11
9 22 20 10
9 23 21 17
9 24 10 13
9 24 20 21
9 24 25 13
9 26 15 23
9 26 19 28
9 26 22 19
9 28 16 27
9 28 26 20
9 28 27 25
10 11 20 24
10 12 10 22
10 14 27 12
10 15 16 27
10 15 21 15
10 15 22 14
10 15 24 27
10 15 28 13
10 16 16 18
10 16 16 22
10 17 22 15
10 17 23 11
10 17 24 13
10 17 26 24
10 18 16 22
10 18 16 25
10 19 12 26
10 20 17 15
10 20 17 28
10 22 24 14
10 22 25 17
10 23 24 26
10 24 12 13
10 24 19 17
10 25 28 17
10 26 14 24
10 26 28 25
10 27 12 18
10 28 14 23
11 11 17 19
11 11 18 18
11 11 19 22
11 11 19 25
11 12 14 21
11 12 19 26
11 12 25 25
11 13 12 18
11 13 13 16
11 13 28 20
11 14 11 28
11 14 17 21
11 14 18 19
11 15 13 23
11 15 22 20
11 15 23 18
11 16 18 16
11 18 27 28
11 19 20 18
11 20 22 16
11 21 24 24
11 21 28 13
11 23 19 26
11 23 23 23
11 24 15 21
11 24 24 16
11 25 13 20
11 26 19 26
11 26 23 19
11 27 20 27
11 27 25 14
11 27 26 18
11 28 13 18
12 12 23 21
12 13 17 20
12 14 23 22
12 14 24 21
12 15 16 13
12 15 24 19
12 16 20 24
12 16 21 27
12 17 21 18
12 18 16 20
12 18 21 21
12 18 22 27
12 18 24 28
12 19 15 14
12 20 18 28
12 21 23 17
12 24 16 25
12 24 20 17
12 25 16 21
12 25 24 16
12 27 23 16
12 28 17 14
12 28 28 25
13 15 26 14
13 16 19 26
13 16 27 17
13 17 15 14
13 17 25 16
13 18 25 27
13 19 18 23
13 20 25 18
13 22 20 25
13 22 23 15
13 23 17 16
13 23 23 22
13 23 27 27
13 24 28 25
13 25 17 19
13 25 21 21
13 25 23 22
13 28 24 23
14 14 15 20
14 17 21 24
14 17 25 27
14 18 19 28
14 19 25 21
14 21 15 16
14 21 24 23
14 24 24 23
14 24 26 22
14 26 17 18
14 27 22 15
15 15 18 20
15 16 15 27
15 17 25 19
15 18 15 19
15 18 17 23
15 18 17 28
15 18 18 27
15 19 20 18
15 20 17 27
15 21 20 26
15 22 22 25
15 22 27 18
15 23 18 20
15 24 16 27
15 26 22 22
15 26 28 21
15 27 19 22
15 28 28 22
16 17 20 18
16 19 20 21
16 22 17 26
16 23 24 27
16 23 25 20
16 25 18 18
16 25 24 19
16 26 20 19
16 26 22 17
17 18 20 27
17 21 21 18
17 21 22 19
17 22 28 26
17 23 22 27
17 24 22 19
17 25 22 25
17 26 28 21
17 27 18 22
17 28 24 18
18 18 23 20
18 20 23 22
18 20 28 27
18 21 21 21
18 22 26 24
18 23 20 20
18 27 28 26
19 21 23 25
19 23 20 22
19 23 25 28
19 23 26 28
19 23 27 20
19 24 24 28
19 26 24 22
19 28 24 27
20 22 25 23
20 24 26 23
21 21 28 26
21 26 25 25
21 26 27 25
22 22 25 27
23 23 26 24
23 25 28 28
25 27 26 26
