16 16
0 0 1 2
0 0 2 1
0 0 4 3
0 0 5 2
0 1 6 1
0 1 9 4
0 1 10 3
0 1 11 2
0 1 12 4
0 1 13 4
0 1 17 3
0 1 19 5
0 1 20 3
0 1 21 4
0 1 22 3
0 2 6 3
0 2 6 5
0 2 7 4
0 2 8 3
0 2 10 2
0 2 10 5
0 2 14 3
0 2 17 4
0 2 17 5
0 2 19 2
0 2 20 4
0 3 6 3
0 3 7 1
0 3 7 5
0 3 12 1
0 3 15 1
0 3 15 2
0 3 15 4
0 3 15 5
0 3 16 5
0 3 18 1
0 3 18 2
0 3 21 4
0 4 6 4
0 4 6 5
0 4 7 5
0 4 10 5
0 4 11 4
0 4 14 2
0 4 15 3
0 4 16 3
0 4 17 1
0 4 18 5
0 4 20 1
0 5 7 5
0 5 9 1
0 5 10 2
0 5 11 1
0 5 13 2
0 5 15 2
0 5 15 3
0 5 15 4
0 5 16 1
0 5 21 1
0 5 22 2
6 6 18 15
6 7 17 9
6 8 15 11
6 8 22 10
6 9 8 16
6 9 14 9
6 9 14 14
6 9 17 19
6 10 6 11
6 10 18 18
6 10 21 19
6 11 14 17
6 11 16 9
6 11 16 12
6 11 18 18
6 11 22 10
6 12 14 19
6 12 18 12
6 12 20 22
6 12 22 15
6 13 19 22
6 13 22 11
6 14 16 17
6 15 18 7
6 15 19 11
6 16 7 9
6 16 8 22
6 16 19 18
6 17 12 10
6 17 13 21
6 17 17 21
6 17 18 17
6 18 19 13
6 19 7 10
6 19 16 8
6 19 16 14
6 19 18 9
6 19 18 21
6 20 9 15
6 20 12 12
6 21 12 22
6 22 10 10
7 7 22 19
7 8 13 17
7 8 16 8
7 9 8 15
7 9 8 19
7 9 11 12
7 9 21 13
7 10 13 10
7 10 14 18
7 10 20 16
7 11 12 14
7 11 17 20
7 12 8 18
7 12 9 22
7 12 22 21
7 13 12 20
7 13 14 15
7 13 20 19
7 15 12 22
7 15 21 18
7 16 9 21
7 16 13 21
7 16 17 20
7 17 10 9
7 17 11 17
7 17 14 15
7 17 17 17
7 18 17 15
7 18 19 8
7 18 22 8
7 19 16 17
7 19 21 11
7 20 15 9
7 20 15 11
7 20 17 12
7 21 9 16
7 21 11 21
7 21 13 11
7 21 17 21
7 22 17 18
8 8 13 11
8 8 19 17
8 8 21 12
8 9 11 13
8 9 15 18
8 9 20 9
8 10 19 16
8 10 20 14
8 11 14 13
8 12 8 13
8 12 16 10
8 13 13 12
8 13 14 17
8 13 16 20
8 14 19 12
8 14 22 20
8 15 21 16
8 16 17 15
8 16 22 10
8 16 22 18
8 17 18 17
8 18 12 15
8 18 13 20
8 19 10 11
8 20 14 22
8 20 19 17
8 20 20 12
8 21 9 18
8 21 14 12
8 21 17 19
8 22 14 15
8 22 17 11
9 9 13 11
9 9 14 17
9 9 20 13
9 9 22 10
9 11 12 10
9 13 17 13
9 14 13 12
9 14 20 15
9 15 11 12
9 15 18 10
9 16 17 17
9 17 11 20
9 18 19 13
9 20 14 11
9 20 22 13
9 21 11 16
9 21 18 22
9 21 20 18
9 22 11 18
9 22 19 22
10 10 11 22
10 10 12 14
10 10 16 21
10 11 15 11
10 12 12 19
10 12 21 19
10 13 22 15
10 14 15 17
10 14 20 14
10 15 16 15
10 16 12 11
10 16 16 18
10 17 22 21
10 20 14 18
10 20 15 22
10 20 17 12
10 21 10 22
10 21 18 19
10 21 19 15
11 11 11 14
11 11 12 20
11 13 16 20
11 14 13 18
11 15 19 21
11 17 22 22
11 19 13 16
11 19 16 21
11 20 16 20
11 21 13 14
11 22 13 14
12 12 12 14
12 12 20 18
12 14 13 21
12 14 14 21
12 14 21 16
12 15 18 13
12 16 19 13
12 18 17 22
12 20 13 18
13 14 19 16
13 15 16 20
13 16 15 15
13 16 20 15
13 16 21 16
13 18 19 14
13 18 20 22
13 20 22 14
13 20 22 22
13 21 14 22
14 15 17 22
14 15 19 16
14 17 20 19
14 19 14 21
14 19 16 15
14 19 18 16
15 15 19 21
15 18 18 19
15 19 21 16
16 20 21 18
17 19 18 21
19 22 22 22
20 20 21 22
