95 
4997341144
0628210573
5576459469
3361840504
3954180982
1097244808
4307572858
7464299604
6240773867
1792536890
8531382941
4661442949
9805884694
8860849317
7698145372
5325284564
3115789037
7787738856
0121092900
1485864489
6961603189
0976787487
9623695124
6692084301
0368554488
6131452807
6455193575
2200162471
8313191530
4375819634
4452359412
8038813539
4181715107
0120908987
5182585669
6023849233
9475482966
3355185353
2529197199
8647437361
4824893287
6401061212
8668441251
1691669621
0020546878
0942540365
9445864354
2897765238
9149451157
5219930155
8771227051
1883313307
8105126148
6810597703
9331521411
0529713791
2690793834
6804303104
3580457514
2572977213
3121659557
1717488248
6651028645
9301648169
5465200236
1030674412
1300575475
8000890123
2181961362
8817102820
0781008345
2982472897
9468225066
7747974277
5387877038
6782729577
1928623442
6386891006
5901424767
1020639074
1952690466
7114708276
1452192033
8849963593
9315407720
7656297008
3052525763
5878005643
3445534752
9809743373
5914299191
6421337269
1134136863
4701873229
2607448656
