15
1860593326
5956064568
8784577856
4894035213
0716642272
9233584296
2338836548
1220884556
6222901391
9764627608
0109435896
0854909134
0477886997
1743072596
3641281477

5128991022
4532281013
2537593172
0771452685
5415152717
4872884847
4930454686
9046553222
5129738035
1440703686
8548266266
9100734872
9441006496
0491294914
9256635732

9496327829
3008335560
3182609501
8459047958
3244364330
9321283309
7532073923
6891220098
4849464750
1393776662
7994090908
8386779510
9206324775
7251315129
3950961279

1854855597
3785471115
5966617027
4146562220
1063583983
6769583879
9132701079
4716977964
4666090587
4076652849
8441094368
7454624448
8279474265
4189737317
0875115524

5132461393
2241395660
6711623464
2825959894
6773093408
2216884340
2734329117
0532544630
1386706201
4942648847
6089827028
3820669186
8245794664
3047979723
6569451181


35 
3097660399
8854378092
8429082771
6278006704
6395341532
2968921561
6840237124
4877001714
1312980980
3351633318
7511278509
5833488525
6587989587
4077200346
7382171818
0518844405
1150447915
0873586960
0570339533
9608113728
3741668947
1301166185
5305824400
2655400767
1709424060
6975238612
9600720972
0183600607
1152382666
4256381603
2524732423
3031479311
8900354856
8206996371
9771528499

7473593028
8939438881
0721435045
6228584675
8912587594
3142646527
2824566879
6531893058
5111373356
0010715113
5046915764
7998903633
3870019373
6361953391
8643915095
7417244009
6866564739
0324676697
1762433118
0216927202
0246923752
1567405343
6315405118
5840546135
7979448711
3495108187
6046637886
8753536862
4123784100
4280576229
0219815897
4328090138
3228646925
5798295665
8162580535

1868315869
8392686450
0210677317
6580061528
2321614474
4304583563
9738697423
7203987372
0803968453
7690597001
3802464959
1064559762
9273262442
6555424138
9077939973
5426747683
0864772443
0973578344
5766657682
1151063864
4740357588
1956725691
4116088137
0037490614
5939334244
0005357841
4660464613
8221250117
6165208755
3215764745
1873090362
5505713034
9649739993
4393495030
7553535682
 
7242110627
0788936249
1410090671
7532757381
4748652357
5597228300
5821825157
7966750496
2813454757
3359679817
1339021126
3229073891
3547302228
9847976164
0630075849
2425348287
5570879967
2425750372
6968641286
3796879146
0015611595
3134045150
2225540855
3022656864
3208358885
8325405427
2004379539
6088197572
9836502088
3259041379
1568183646
6892313933
6069911089
1985792104
6824597648
 
0739943468
1043193028
1921441943
5682235232
8137778349
4759943356
2927934702
8648642738
7523047153
0817541614
0195578481
7395497201
9830535397
9011527129
1093819827
0224750861
0378088670
1056859021
9960662852
4324793708
7518948320
3323565408
0204121653
6218501332
1460364538
3855375902
0419206446
4556813849
1895923611
1283036996
2423266010
7278834830
0209004258
0677992579
5215542787


55 
3905067332
9444382336
6156418428
8541199303
0183367169
6503347057
0222948731
7703226182
6494747542
0156630118
7600982324
0820170794
3815791174
9503531985
2821761440
3516812326
4207860392
4693717862
1591294961
3253877509
9792267983
4914194364
5706931856
8476071177
8858158660
0201310461
0319670767
0008365237
0616606300
0478705461
8268522595
5567013418
1338937865
6377299229
0003537653
9507590550
1685515709
8745439198
7958056520
2103971556
4691570415
1058226793
2718776486
4349622270
3691994058
2827240055
0810255916
6651716333
0132008474
3582564256
1914242394
4666325030
9317369538
6785678532
9168477694
 
9516286134
2634755439
8093076716
2977645745
0180131399
3490529388
8620658763
2214436954
6396111307
1500720633
4545474295
8985083415
4518944530
3131422560
7023295067
3523202521
2944292496
8174820713
5642362981
9345247764
2128219938
7014662072
2499499122
7692758855
2099818983
1077252627
8531536389
0672665124
9119244570
5345327953
5690708029
5461364314
8177690982
1009700470
0736519873
1107958002
3508616733
3758248976
6435273497
1342218852
2560441409
5468582113
9960439196
4322834990
0718625099
9437212330
7373031494
2686519016
1813135690
9253855692
6734554081
1116891985
2096213145
0636487768
0117946245
 
4119286936
5697137550
8037824925
5380183086
8486775711
7398881518
9115180903
7724625656
5985563363
2075698348
0481657183
5840217014
7131197916
8759502145
2125999667
2320862827
0888824497
4545233565
8584220083
7536825907
4652152892
0015912819
0979177598
5817365622
7339456136
3723484172
9675391912
8035174021
9634981749
8213039358
4090871485
7565528140
5935263198
7662391491
0458602094
3605406637
8621720848
9793887463
3839603242
0588546877
0627439576
9796858352
3983395525
3426267611
6647356849
7736111806
2116695073
8608512869
4517562914
4144847166
8547575970
8455376651
5676237661
3477186181
2266293706
 
0623205730
8870300663
8293491214
7916952430
9413610950
2195842841
9501820134
1135642146
3787935229
3341486856
7336949073
2905312515
8634322562
2678403930
8207624174
3337151122
8543356598
8038368215
2427398205
3736495061
6878106864
5016360545
7451646865
4925950300
1540396470
2309525307
8899158715
8628494029
8039339037
1389430842
0512757019
9479880246
2873029295
2394092612
0071474314
3284965160
2744803170
3706507043
0216912018
0636996973
6415328660
3123112671
0136348134
3409389331
3666185970
7346202181
8661471451
3813216449
5499918330
8926960709
2169607667
4712042305
8353189256
7309086385
3113770269
 
6246405431
9843764786
8130351421
0352400872
7610474270
8081122152
0898530296
4645832948
3689487074
4694576571
3273102963
9069446034
0237485028
7206384517
5507358792
4232721427
6498798690
2499670145
5677467225
9948883204
8304039719
8109811272
5142324221
3140567088
6788956513
3155557863
6911812348
8081795916
7533977208
7236152324
7922830553
0393934153
9832782322
7837682943
1703547557
5784423714
4767204185
9931146831
9723141963
9875033091
4382598754
5441598092
6268001543
2391791032
9713816901
5857073447
5404145940
9848299092
8102345723
4697152253
4871609346
3241607061
9133034772
9050885711
5152049720


75 
5132461393
2241395660
6711623464
2825959894
6773093408
2216884340
2734329117
0532544630
1386706201
4942648847
6089827028
3820669186
8245794664
3047979723
6569451181
5514899927
7145085681
9523920785
2440158487
8719412182
6823864122
7736322824
4489938204
2405514486
4929892252
4547384142
1117690473
2002958769
6140840045
5300120437
6725513665
4174844417
1856507893
2317501106
2545556937
1092348506
3823478442
8221971286
4513006673
7325672916
7588654547
9570312203
0269161875
6380718170
6080428955
0132374174
9103069561
1735457192
6938279599
1227670584
8190357141
4926395155
5212333335
3880570090
7045662227
0435675674
9253034313
5509072710
9583937628
0082567436
4726508812
8870367883
4706422642
2730302254
5035957910
0159711849
0139088656
5421481607
5550869772
3255130171
8102160275
8883654449
0349129219
0038006512
2999170621

1852878130
6131092005
6484818608
7614798734
3687556186
2740580048
6513560855
8709978780
6268937648
2102522162
1043823423
6774272076
7166059617
9191180947
6400865010
8429238944
7049041360
9936384738
7331083035
0576546127
3008417023
3441720738
1541503128
6643872674
5219186286
0459308177
2948214982
2380813299
3327634959
5311268700
9971588281
8705549421
1233752138
6019393274
3519457131
3074333168
6192594490
4967262164
9483285883
0996414512
8133627433
0449875223
4664599573
8606197400
4420081884
6730495857
7909558865
1742282723
6536898829
2832799473
6207295567
1564043045
5507258546
2627392784
0788137333
8438784049
3157309897
7551360049
1315305105
7041853262
2227851848
3222727145
2681447391
4282279249
8733742666
0120762398
5177250702
1421491080
8658518839
0843791902
4988982790
7168202104
4635070967
7992895345
6209693457
 
8371174905
0992478342
4085892733
3311307657
7473126875
2271189664
1413883404
6148393728
9250368164
7251618708
6179849116
8836077076
5978005653
8054419364
8241088250
1134885140
8833898721
7237610583
1325015583
2020878061
2466048915
9165209745
7714177942
1779120751
8528770111
3451500381
4860000382
0779808726
0274595065
4300004250
4137654787
9435434456
9501908274
8812407151
4473549516
7038658739
2150840258
7685452042
2443374801
4364263016
7807789450
1399138142
8330929391
9732806722
2758544913
2265418431
5735826097
3840827052
5026617358
3457197354
6295424093
8083819936
5180186868
3465194468
2613802329
9119890727
8062464371
0611780468
1238981591
1998247927
9620073675
6783116388
3386452031
7737348235
1432437405
0200512847
8335412969
7439601441
0865266097
8549233433
2763423993
6454767081
8131012526
2845484148
0390124973
 
4001568740
4874865707
4757984768
8100946590
2168699634
0712795362
5290024221
4385607878
4934599581
5311594023
1323857722
1780682267
4901261628
7116621598
8082384209
4147243064
9727643109
5630254336
7206048052
3796032886
1831590116
8070685952
4695832667
3715476749
9819064864
8561524398
4711814601
0257773246
7223386999
2390122523
9274508483
1866329560
9788134439
1594289239
5417640911
8122855390
5311987003
3303632720
6403634710
7034114792
8550752446
2967693072
0734357289
0768286042
3196007940
7061410906
0733216511
2837440661
5624205676
4962223243
5303460426
5602664727
2464002979
2482096350
2256347415
8011918284
2766539855
4463078788
1261278096
7927741752
9212524790
1137705449
1181258900
1469415201
4240232053
1572564308
2395684337
1629719824
2163015154
6136694064
0348135419
6841312746
2307963284
0709251271
4600457700
 
1841984585
0634442144
2330168902
5819673430
6074459311
0424393868
8090145869
2742032828
9816727106
0462479348
8459053325
2834274157
2932226672
3270842913
8814798448
7042890261
0611691690
3913519489
2197071490
5532164820
0098141017
4694164946
1859427681
7952734926
0129447890
2562727522
5443608118
0615758776
4280140993
2109968873
4440574889
2597234365
8264488574
5297193116
6472433407
2184950962
9679903861
9121924608
1472913910
0404956296
6335924452
5816166990
4319785087
1892795363
1316571899
3689333589
8569773725
4842085992
4144024107
5587321024
5291599972
2210112610
2049920372
1320017034
4179810521
7092025661
9578894359
6524286207
1185654382
4983135398
6893756727
6508164781
9064163659
5911592397
9948047792
1644414957
5253946492
6637749205
3263764314
2734255687
5223676814
5127977431
7693924922
7465849093
8010001556


95 
7238658356
3149629984
5248050389
4288040373
3460791966
5951229815
6228930625
4498769088
6476585681
9837634655
4198661533
9519148577
4544894051
6273209372
1208139502
7422668629
9194519069
3444141988
3381215033
4384176983
1755454059
0441250093
3060025852
7415285896
1908526043
8893366912
4826449360
2927514391
4802986681
0242546315
3561615727
5891385627
4294998034
0476802953
3876665911
3576005525
4079412185
7934442387
0076956036
0757194397
0264738469
6111519802
7512636164
8534985701
6491230053
6339396572
0176773487
6728287850
3845461503
6961707929
4495274888
4205378390
2927116950
0876673350
8811860772
5687001090
3074887486
0781049703
6510198922
9963115051
5027257682
2648247499
5887816250
2149336122
8001732308
9963131494
0859606947
9656621833
7232031443
1249335734
5509363101
6644235761
6211250853
5611148987
6481712591
5687520378
6778253229
7430571162
9116149001
7613955990
4039170466
1334632582
4886932247
8974195364
5672662284
9394118470
8166127384
9028954207
6731817069
4394088090
5072768572
3795453323
9228740203
4185595565
2943768044

4997341144
0628210573
5576459469
3361840504
3954180982
1097244808
4307572858
7464299604
6240773867
1792536890
8531382941
4661442949
9805884694
8860849317
7698145372
5325284564
3115789037
7787738856
0121092900
1485864489
6961603189
0976787487
9623695124
6692084301
0368554488
6131452807
6455193575
2200162471
8313191530
4375819634
4452359412
8038813539
4181715107
0120908987
5182585669
6023849233
9475482966
3355185353
2529197199
8647437361
4824893287
6401061212
8668441251
1691669621
0020546878
0942540365
9445864354
2897765238
9149451157
5219930155
8771227051
1883313307
8105126148
6810597703
9331521411
0529713791
2690793834
6804303104
3580457514
2572977213
3121659557
1717488248
6651028645
9301648169
5465200236
1030674412
1300575475
8000890123
2181961362
8817102820
0781008345
2982472897
9468225066
7747974277
5387877038
6782729577
1928623442
6386891006
5901424767
1020639074
1952690466
7114708276
1452192033
8849963593
9315407720
7656297008
3052525763
5878005643
3445534752
9809743373
5914299191
6421337269
1134136863
4701873229
2607448656

2843162042
7398720252
3902968441
2323449025
4358477909
5464487890
1618396974
8469950002
4214982874
3638409845
3966024360
2514737229
3936943129
8458498371
1378248962
0236609382
6958940874
9900205701
6953889804
6715650005
2367833227
9424394953
5377368396
6561003788
8729872914
5387648582
7786937671
2582712731
1715009179
9208351964
7355215080
1296369542
5006522481
0962203721
7560607028
0571882833
4870761467
8688017421
2054136430
6430980425
5286949105
5622631741
0585544338
4978434852
1859643904
4765594066
6534147313
7979910525
7556531582
1778155572
2064360213
8781161113
2495025066
2743201855
0950282032
5472444674
1016819203
3827780516
2338014983
7282839462
1235721342
0065637094
5444137901
5462742113
3959670164
1097025648
3080265925
5423339500
8961194370
4406868907
5962951676
8120707994
2527187149
8073603436
2582943754
8188037889
7979104875
5155941651
9915708411
5347434867
7678301265
3027183270
0925153019
0615601620
4956239245
3827286836
0837096923
1819037111
0260959645
4614507656
6978931720
9156928016
2921422333
4335162813
2240116247

9591853850
2976339123
1210367521
1416149459
7833666025
9510419891
9990128129
9555580520
5008170051
5594301070
7301963468
8465031680
9297101762
0846058345
6858252534
6949225209
0790233742
1141862577
3075778978
3836549721
7676084367
0952790347
1131938666
4718802265
8289801339
3634724578
0315671705
2866260793
4206116749
3131512003
8157271656
2453898555
5793249555
0715409557
9876529707
5038644533
9076742149
3009850407
2577357602
4332333309
7727105244
3912183271
9432366245
7235911772
2697938721
8678739839
2626249461
2968496813
3752521235
0938388798
9357115406
3491189141
9675025972
8687106098
1579943671
9595266577
9442725650
0140045828
9308372673
0091692604
9139923126
9136888943
6316346398
1503064169
9313158001
3172386844
4731164544
4667509890
2920025217
9995442173
9044677797
4260743202
4604359152
0311331926
2485998580
9394336080
2929676098
4121272505
5901862274
9934011940
4591142177
9800259286
9699223084
2570457879
7589972772
1009385596
7723696180
7589299577
9982656437
9139352931
6920664548
2872802834
4838627902
6151320777
2904874857
 
6158446658
9636010702
9548056491
0579729880
7539155244
5756452884
8281740552
0758012927
3872370058
7237283217
2745604887
6319333062
3339269395
2435497309
2338367104
3852661827
3731403588
3464430425
8805565943
9157235326
1882234405
9290327513
7774600058
2685721672
5669029865
0870910261
2844214911
4169810853
0917323598
8264074332
9048147322
5692324788
7607066938
2457584581
1062648267
9586688111
6472931638
8422501456
2122587965
2124686463
1187450152
3101843899
1550269322
0312696904
4226023757
2499783621
1615312318
7048961101
9177511888
6276513924
3643269478
0279837157
3065926990
4509020440
2199604213
4448998260
8988833928
6163422220
6158631265
5711544864
7324295091
0585057590
5190558575
5665167916
6977648039
3248639060
5212734292
1090858407
7890955126
5566108059
4226312849
0518998217
7852203434
3627050216
1380074207
1799537201
8151055422
3870504340
1616136940
5342795835
2194664176
3611335990
8165284860
2246205906
2101714117
9070456324
2386977569
4530420933
6507374320
4846017204
5984497197
5508683981
5755111462
5795608351
1467564558
