95 
6158446658
9636010702
9548056491
0579729880
7539155244
5756452884
8281740552
0758012927
3872370058
7237283217
2745604887
6319333062
3339269395
2435497309
2338367104
3852661827
3731403588
3464430425
8805565943
9157235326
1882234405
9290327513
7774600058
2685721672
5669029865
0870910261
2844214911
4169810853
0917323598
8264074332
9048147322
5692324788
7607066938
2457584581
1062648267
9586688111
6472931638
8422501456
2122587965
2124686463
1187450152
3101843899
1550269322
0312696904
4226023757
2499783621
1615312318
7048961101
9177511888
6276513924
3643269478
0279837157
3065926990
4509020440
2199604213
4448998260
8988833928
6163422220
6158631265
5711544864
7324295091
0585057590
5190558575
5665167916
6977648039
3248639060
5212734292
1090858407
7890955126
5566108059
4226312849
0518998217
7852203434
3627050216
1380074207
1799537201
8151055422
3870504340
1616136940
5342795835
2194664176
3611335990
8165284860
2246205906
2101714117
9070456324
2386977569
4530420933
6507374320
4846017204
5984497197
5508683981
5755111462
5795608351
1467564558
