55 
9516286134
2634755439
8093076716
2977645745
0180131399
3490529388
8620658763
2214436954
6396111307
1500720633
4545474295
8985083415
4518944530
3131422560
7023295067
3523202521
2944292496
8174820713
5642362981
9345247764
2128219938
7014662072
2499499122
7692758855
2099818983
1077252627
8531536389
0672665124
9119244570
5345327953
5690708029
5461364314
8177690982
1009700470
0736519873
1107958002
3508616733
3758248976
6435273497
1342218852
2560441409
5468582113
9960439196
4322834990
0718625099
9437212330
7373031494
2686519016
1813135690
9253855692
6734554081
1116891985
2096213145
0636487768
0117946245
