55 
0623205730
8870300663
8293491214
7916952430
9413610950
2195842841
9501820134
1135642146
3787935229
3341486856
7336949073
2905312515
8634322562
2678403930
8207624174
3337151122
8543356598
8038368215
2427398205
3736495061
6878106864
5016360545
7451646865
4925950300
1540396470
2309525307
8899158715
8628494029
8039339037
1389430842
0512757019
9479880246
2873029295
2394092612
0071474314
3284965160
2744803170
3706507043
0216912018
0636996973
6415328660
3123112671
0136348134
3409389331
3666185970
7346202181
8661471451
3813216449
5499918330
8926960709
2169607667
4712042305
8353189256
7309086385
3113770269
