55 
6246405431
9843764786
8130351421
0352400872
7610474270
8081122152
0898530296
4645832948
3689487074
4694576571
3273102963
9069446034
0237485028
7206384517
5507358792
4232721427
6498798690
2499670145
5677467225
9948883204
8304039719
8109811272
5142324221
3140567088
6788956513
3155557863
6911812348
8081795916
7533977208
7236152324
7922830553
0393934153
9832782322
7837682943
1703547557
5784423714
4767204185
9931146831
9723141963
9875033091
4382598754
5441598092
6268001543
2391791032
9713816901
5857073447
5404145940
9848299092
8102345723
4697152253
4871609346
3241607061
9133034772
9050885711
5152049720
