95 
7238658356
3149629984
5248050389
4288040373
3460791966
5951229815
6228930625
4498769088
6476585681
9837634655
4198661533
9519148577
4544894051
6273209372
1208139502
7422668629
9194519069
3444141988
3381215033
4384176983
1755454059
0441250093
3060025852
7415285896
1908526043
8893366912
4826449360
2927514391
4802986681
0242546315
3561615727
5891385627
4294998034
0476802953
3876665911
3576005525
4079412185
7934442387
0076956036
0757194397
0264738469
6111519802
7512636164
8534985701
6491230053
6339396572
0176773487
6728287850
3845461503
6961707929
4495274888
4205378390
2927116950
0876673350
8811860772
5687001090
3074887486
0781049703
6510198922
9963115051
5027257682
2648247499
5887816250
2149336122
8001732308
9963131494
0859606947
9656621833
7232031443
1249335734
5509363101
6644235761
6211250853
5611148987
6481712591
5687520378
6778253229
7430571162
9116149001
7613955990
4039170466
1334632582
4886932247
8974195364
5672662284
9394118470
8166127384
9028954207
6731817069
4394088090
5072768572
3795453323
9228740203
4185595565
2943768044
