95 
2843162042
7398720252
3902968441
2323449025
4358477909
5464487890
1618396974
8469950002
4214982874
3638409845
3966024360
2514737229
3936943129
8458498371
1378248962
0236609382
6958940874
9900205701
6953889804
6715650005
2367833227
9424394953
5377368396
6561003788
8729872914
5387648582
7786937671
2582712731
1715009179
9208351964
7355215080
1296369542
5006522481
0962203721
7560607028
0571882833
4870761467
8688017421
2054136430
6430980425
5286949105
5622631741
0585544338
4978434852
1859643904
4765594066
6534147313
7979910525
7556531582
1778155572
2064360213
8781161113
2495025066
2743201855
0950282032
5472444674
1016819203
3827780516
2338014983
7282839462
1235721342
0065637094
5444137901
5462742113
3959670164
1097025648
3080265925
5423339500
8961194370
4406868907
5962951676
8120707994
2527187149
8073603436
2582943754
8188037889
7979104875
5155941651
9915708411
5347434867
7678301265
3027183270
0925153019
0615601620
4956239245
3827286836
0837096923
1819037111
0260959645
4614507656
6978931720
9156928016
2921422333
4335162813
2240116247
