55 
3905067332
9444382336
6156418428
8541199303
0183367169
6503347057
0222948731
7703226182
6494747542
0156630118
7600982324
0820170794
3815791174
9503531985
2821761440
3516812326
4207860392
4693717862
1591294961
3253877509
9792267983
4914194364
5706931856
8476071177
8858158660
0201310461
0319670767
0008365237
0616606300
0478705461
8268522595
5567013418
1338937865
6377299229
0003537653
9507590550
1685515709
8745439198
7958056520
2103971556
4691570415
1058226793
2718776486
4349622270
3691994058
2827240055
0810255916
6651716333
0132008474
3582564256
1914242394
4666325030
9317369538
6785678532
9168477694
