55 
4119286936
5697137550
8037824925
5380183086
8486775711
7398881518
9115180903
7724625656
5985563363
2075698348
0481657183
5840217014
7131197916
8759502145
2125999667
2320862827
0888824497
4545233565
8584220083
7536825907
4652152892
0015912819
0979177598
5817365622
7339456136
3723484172
9675391912
8035174021
9634981749
8213039358
4090871485
7565528140
5935263198
7662391491
0458602094
3605406637
8621720848
9793887463
3839603242
0588546877
0627439576
9796858352
3983395525
3426267611
6647356849
7736111806
2116695073
8608512869
4517562914
4144847166
8547575970
8455376651
5676237661
3477186181
2266293706
